1
2
2
2
3
4
5
6
7
8
9
9
2
10
10
8
8
8
11
12
1
13
11
8
9
9
14
1
5
3
8
8
5
11
14
1
8
10
14
1
8
8
1
3
8
5
11
15
11
16
16
16
16
16
17
18
19
1
4
9
9
9
9
4
4
19
19
20
20
20
21
22
2
3
22
18
11
11
9
8
11
8
8
14
11
8
9
9
21
9
16
19
18
22
2
20
8
4
9
8
11
8
9
9
9
9
9
9
9
9
9
9
9
9
9
9
9
22
8
1
8
5
14
2
5
11
1
5
5
23
20
11
21
9
8
10
11
16
20
11
8
24
8
8
1
14
21
8
7
11
5
9
9
9
9
9
9
9
9
16
16
25
5
4
4
20
7
7
18
5
1
1
19
20
14
5
9
17
19
18
4
4
4
2
20
10
7
8
11
11
11
14
4
16
21
5
13
8
10
8
16
4
2
20
2
3
8
21
22
7
13
11
12
26
14
9
16
16
16
16
16
16
17
18
18
7
7
7
7
9
9
9
9
9
9
9
9
4
4
22
19
20
20
20
20
20
20
20
20
20
20
20
20
20
20
20
20
20
20
20
20
20
20
20
20
20
20
20
22
22
22
22
7
2
27
3
22
7
7
18
5
11
24
24
24
10
1
1
8
8
8
4
5
11
3
11
10
1
11
8
8
8
1
1
8
1
2
11
8
1
11
11
25
1
8
23
4
2
10
10
5
7
11
21
10
4
10
9
9
8
8
5
8
22
1
8
9
4
20
14
22
22
14
8
17
19
19
2
10
11
1
21
4
21
11
10
14
1
4
2
14
8
22
9
9
9
9
9
16
16
18
4
19
22
3
3
11
9
21
22
14
5
8
22
22
19
11
8
14
1
8
10
11
21
8
8
5
16
16
17
9
20
5
10
22
10
21
8
5
22
11
9
22
20
10
2
10
1
14
7
9
9
9
9
16
16
16
17
28
28
19
7
7
18
18
2
25
22
7
18
4
16
11
4
4
4
8
21
4
8
8
8
24
18
21
19
3
20
1
21
18
2
2
23
2
20
8
22
11
8
14
8
14
5
5
5
5
14
10
11
9
9
11
8
22
11
8
8
19
8
9
9
21
14
22
8
11
18
8
21
8
8
16
7
4
25
4
2
22
3
3
22
8
14
14
16
21
4
21
11
23
9
19
21
8
10
11
8
10
21
8
21
11
8
7
8
24
8
11
22
14
8
29
18
16
8
8
22
9
8
11
14
8
11
8
21
21
14
19
1
1
1
4
21
5
5
19
8
5
11
1
11
14
10
8
5
13
4
8
21
11
8
11
23
8
11
